100	1779
0	3	0.869248702266
0	13	0.508236401919
0	14	0.125615634275
0	23	0.374449684576
0	29	0.870751822544
0	33	0.448367670538
0	34	0.502575174482
0	40	0.434177582139
0	45	0.698147189503
0	54	0.28343372957
0	56	0.114789522127
0	57	0.41361133398
0	58	0.320206878979
0	60	0.266819029982
0	70	0.412099024122
0	71	0.468021427978
0	83	0.187000146777
0	91	0.381899760882
0	98	0.879140461899
0	99	0.915888586599
1	5	0.390870963863
1	10	0.317001370668
1	11	0.635510910845
1	13	0.311094246983
1	18	0.495767891562
1	19	0.54507768797
1	27	0.777549863076
1	28	0.38855575553
1	29	0.677889943977
1	40	0.31333089178
1	45	0.338490705649
1	47	0.6927680624
1	51	0.133726225903
1	53	0.962944734079
1	54	0.998180832676
1	57	0.935986104255
1	59	0.247937330785
1	61	0.186039721803
1	64	0.077472353556
1	66	0.388153668394
1	68	0.265271602635
1	80	0.523444194059
1	82	0.830346864774
1	88	0.583636533123
1	89	0.0813315742431
1	92	0.363905517057
1	98	0.163550621474
1	99	0.71001642251
2	1	0.14175254178
2	3	0.0471126940106
2	14	0.46843617544
2	29	0.685060164847
2	37	0.389816702275
2	48	0.0321891532929
2	49	0.491733060588
2	57	0.786044495718
2	68	0.625624269987
2	71	0.53697107869
2	75	0.601820665447
2	81	0.492312054256
2	85	0.653063224042
2	86	0.147171248162
2	90	0.348329362056
3	1	0.370475043747
3	20	0.0838090408879
3	24	0.836458659462
3	36	0.258606842902
3	37	0.571726093258
3	46	0.64865372064
3	47	0.260955066921
3	51	0.729885345112
3	52	0.137208051795
3	53	0.886701391977
3	54	0.474036699547
3	58	0.498709811284
3	73	0.0370381230031
3	78	0.387686390388
3	80	0.379237309109
3	87	0.350478579969
3	92	0.271408193339
3	93	0.183658014172
3	97	0.107743701646
4	5	0.56054761726
4	17	0.176522356183
4	18	0.540432171821
4	22	0.191719111546
4	24	0.422924712932
4	32	0.242031353054
4	33	0.773538305167
4	36	0.569908200733
4	40	0.630794829969
4	41	0.647511097819
4	44	0.663612244
4	46	0.362750773232
4	53	0.79213396654
4	57	0.524234930905
4	64	0.5279823302
4	87	0.846463939077
4	90	0.489296954485
5	0	0.335272914365
5	9	0.239816412363
5	19	0.276673020103
5	24	0.463023552438
5	25	0.155592175666
5	26	0.233698347578
5	40	0.663907953055
5	41	0.101651410009
5	48	0.438764421998
5	54	0.813599709432
5	56	0.636040854847
5	59	0.773063696321
5	61	0.460112674485
5	65	0.495318615802
5	69	0.592232274015
5	78	0.173818187552
5	91	0.0705878853577
5	96	0.28581516308
5	97	0.673634580387
6	0	0.76533724649
6	4	0.598646782859
6	7	0.10989568032
6	9	0.894493649874
6	21	0.650142449864
6	37	0.196751507416
6	42	0.917367324566
6	43	0.468994530213
6	46	0.501950774941
6	51	0.412572232428
6	52	0.241144572364
6	63	0.962103783766
6	68	0.470216030474
6	69	0.23320652176
6	70	0.694182741899
6	73	0.366346757304
6	74	0.772713484011
6	79	0.896022306253
6	84	0.507105183446
6	88	0.250259402344
6	89	0.785820472689
6	92	0.939838282863
6	96	0.0842450370241
6	97	0.513255135021
7	0	0.305074302073
7	10	0.360874653945
7	14	0.390630585014
7	16	0.436600050261
7	22	0.00699738761144
7	24	0.916786961457
7	33	0.407629715848
7	38	0.768828167459
7	39	0.793079443744
7	40	0.119446770531
7	42	0.734718420732
7	46	0.470009262253
7	48	0.89151138
7	57	0.866441423194
7	59	0.847697521961
7	61	0.917549360108
7	62	0.654495200238
7	69	0.245315014938
7	70	0.0155817538238
7	73	0.619981888178
7	74	0.309463276706
7	75	0.779300338206
7	81	0.722726044119
7	83	0.185399701952
7	86	0.00835433605824
7	93	0.0390627113206
7	95	0.0346529445015
8	6	0.181389212674
8	9	0.00150476002909
8	16	0.180310321917
8	22	0.853253874722
8	27	0.0132566216985
8	28	0.460956584856
8	30	0.305067280163
8	31	0.194656089897
8	38	0.982129363631
8	53	0.171536461652
8	58	0.384225808452
8	62	0.894260333849
8	69	0.821547596697
8	71	0.295230466292
8	72	0.385975789741
8	78	0.0861626333981
8	89	0.352254074517
8	92	0.794824242487
8	95	0.457078475
8	98	0.313451580018
8	99	0.00251123478019
9	15	0.0956739212299
9	19	0.334299842713
9	23	0.317408819716
9	25	0.358198779044
9	28	0.505484524084
9	29	0.548136714473
9	37	0.353238242297
9	42	0.513136723119
9	44	0.128468020521
9	49	0.017110972873
9	50	0.456877896898
9	62	0.593432655732
9	66	0.393734863547
9	70	0.657433485081
9	83	0.410190278455
9	89	0.48446827761
9	96	0.0120239044136
10	2	0.406550893488
10	6	0.87020471262
10	9	0.135579169245
10	14	0.549600241894
10	20	0.771178078089
10	21	0.422620356484
10	24	0.195654697217
10	26	0.853076719703
10	29	0.172036451801
10	34	0.215440865341
10	35	0.908734627118
10	37	0.139173726055
10	40	0.932120790629
10	42	0.18771807056
10	64	0.84022712151
10	69	0.765123963437
10	70	0.449957361148
10	72	0.53108797995
10	79	0.185715867048
10	87	0.048729122528
10	88	0.673555718058
10	90	0.217258516213
10	96	0.349838173754
10	97	0.499047773528
11	19	0.903410609746
11	21	0.929763478655
11	22	0.16319344117
11	25	0.823897947386
11	26	0.786685595902
11	36	0.681672561412
11	44	0.631321442161
11	53	0.297670658768
11	56	0.838368346535
11	59	0.901205096232
11	60	0.185774519218
11	73	0.293590700311
11	77	0.211381829159
11	81	0.896483466459
11	85	0.675167535348
11	86	0.78571065163
11	88	0.524997771046
11	89	0.435127137542
11	95	0.572656928897
12	0	0.426184247127
12	1	0.644991581937
12	2	0.0775579421013
12	5	0.0333300348026
12	10	0.954566637632
12	13	0.292784112754
12	14	0.404143175383
12	15	0.251876712548
12	24	0.058304004278
12	26	0.143258909052
12	34	0.215776339218
12	41	0.150967999901
12	42	0.120882355012
12	43	0.498387726431
12	47	0.26428007161
12	52	0.0766700467055
12	53	0.310605599136
12	57	0.377879856182
12	58	0.167828025866
12	62	0.512337661443
12	67	0.899875506439
12	68	0.542784822353
12	71	0.457105785106
12	74	0.489158692053
12	78	0.398698555547
12	83	0.266358214318
12	84	0.18299320074
12	85	0.214485498984
12	92	0.466544826007
13	3	0.251923668826
13	8	0.733634827328
13	31	0.867789780001
13	37	0.746821073301
13	44	0.080439387467
13	52	0.0895915506656
13	63	0.417272025409
13	64	0.0332321509393
13	75	0.0851662497691
13	85	0.250415866201
13	88	0.55427145072
13	97	0.956495912641
14	5	0.222196322749
14	6	0.155479640574
14	11	0.434852029685
14	32	0.198513057829
14	33	0.269910375666
14	36	0.44028165465
14	41	0.572101400254
14	62	0.869921587652
14	65	0.117386913405
14	66	0.0735698375591
14	70	0.596638101082
14	75	0.216192435842
14	79	0.842978614074
14	82	0.597810605977
14	96	0.903433969582
14	97	0.716224368524
14	99	0.376785355474
15	8	0.190666914152
15	10	0.45724120316
15	13	0.601069573278
15	18	0.979579223815
15	20	0.270588183363
15	24	0.101178345214
15	30	0.518366665982
15	32	0.946909503616
15	39	0.0452899296452
15	41	0.444659343219
15	42	0.819578623552
15	44	0.571097950044
15	46	0.745715896872
15	49	0.435571608392
15	54	0.108140137123
15	55	0.892303082996
15	59	0.433612183022
15	73	0.788588139282
15	75	0.860607531662
15	76	0.130276873238
15	81	0.43491998553
15	82	0.806383626564
15	84	0.0570026901082
15	86	0.656074003267
15	92	0.0811779407028
16	4	0.0518087682065
16	6	0.912761475463
16	9	0.743997115355
16	14	0.388445259453
16	21	0.42957058236
16	23	0.371651696293
16	25	0.790442042334
16	32	0.231339874667
16	36	0.125382724759
16	39	0.68250438605
16	43	0.780426309501
16	54	0.251484292491
16	57	0.187760037553
16	63	0.0194739894756
16	64	0.45882883516
16	70	0.685830612526
16	71	0.653335252167
16	89	0.641382041609
16	90	0.973540957519
16	93	0.136679217181
16	94	0.627331225643
16	96	0.571673263713
17	2	0.0476510574839
17	6	0.00872614412728
17	9	0.696203943598
17	11	0.190949835399
17	13	0.560689330784
17	16	0.19710447158
17	22	0.654299152791
17	23	0.651281249378
17	25	0.0491744891352
17	27	0.116990935543
17	30	0.206209319586
17	34	0.462623266025
17	36	0.168502013945
17	39	0.76724045158
17	40	0.451751606698
17	45	0.0230123694482
17	51	0.565555911444
17	61	0.187240251349
17	71	0.115203681994
17	80	0.00667197114744
17	91	0.219584383848
17	92	0.109999527617
18	0	0.989595814351
18	3	0.757180082483
18	6	0.625026470902
18	8	0.985474128813
18	10	0.619380386045
18	13	0.973983667319
18	17	0.744202756564
18	23	0.550934021874
18	24	0.161145999402
18	36	0.657907919118
18	40	0.698954156715
18	41	0.228631688209
18	51	0.906216293241
18	56	0.270580942383
18	57	0.758223780724
18	68	0.380183652054
18	80	0.278130149374
18	87	0.0515333837075
18	88	0.504019327011
18	95	0.588309158586
18	96	0.509659529945
19	6	0.487205275584
19	7	0.0934817247719
19	10	0.782204230008
19	13	0.512261399544
19	15	0.326914425596
19	16	0.351438852719
19	21	0.23557355009
19	23	0.796356559147
19	27	0.630387762062
19	31	0.87945765151
19	32	0.163077397436
19	37	0.331962631188
19	42	0.169658948794
19	53	0.899541629546
19	55	0.251666762067
19	57	0.649232737234
19	59	0.0324540116388
19	68	0.836291401418
19	75	0.544282724138
19	81	0.317551973311
19	87	0.774421725125
19	90	0.300381716338
19	91	0.738339285475
19	97	0.377004852138
20	1	0.00755705760028
20	5	0.0944732808303
20	7	0.704085887306
20	11	0.931922876486
20	13	0.347502816617
20	22	0.929669700201
20	44	0.605060730643
20	53	0.116322952645
20	66	0.880317229822
20	73	0.861435604919
20	76	0.868941677879
20	87	0.756312595681
20	96	0.396272167196
20	97	0.0183908276282
21	4	0.849593213092
21	12	0.157488012385
21	20	0.924730517229
21	23	0.786004418844
21	24	0.58074603087
21	34	0.919293209794
21	36	0.415449610591
21	39	0.593810867198
21	48	0.274633442927
21	52	0.720635975647
21	53	0.00810927151743
21	60	0.486561241995
21	74	0.755827759479
21	76	0.826602922641
21	81	0.808926328488
21	84	0.885676917471
21	97	0.493202062614
21	98	0.320552803011
22	2	0.594257432289
22	13	0.673552145156
22	18	0.499249981456
22	47	0.300160490336
22	52	0.82801908811
22	55	0.397245177992
22	60	0.496796487354
22	67	0.831069572549
22	72	0.94214388108
22	79	0.635245808564
22	84	0.57323688111
22	85	0.70035740641
22	90	0.366657097718
22	96	0.819620044683
23	10	0.522406330745
23	22	0.14187515777
23	26	0.0882875226868
23	30	0.642171122243
23	37	0.822943443832
23	51	0.0749358147846
23	57	0.817046249509
23	64	0.622446230828
23	65	0.715970290763
23	66	0.252618771754
23	71	0.884918037316
23	79	0.384659349001
23	90	0.638543643977
23	94	0.499880629609
23	99	0.702468223113
24	1	0.291280192473
24	2	0.282562964898
24	23	0.30844824802
24	26	0.524631046596
24	30	0.152331835124
24	35	0.522953121744
24	40	0.777629625978
24	46	0.296824172951
24	63	0.765010339283
24	66	0.884857032816
24	68	0.266036362364
24	71	0.350824923358
24	84	0.489237274729
24	86	0.182781016557
24	88	0.357069255241
24	94	0.134445638891
24	97	0.250207494663
24	99	0.0140102597433
25	13	0.749409421534
25	18	0.809975555091
25	22	0.17333995968
25	32	0.305365539338
25	34	0.45732022426
25	37	0.922408021721
25	41	0.441479649447
25	51	0.765929266129
25	53	0.281612327696
25	58	0.749253566313
25	63	0.64863684184
25	64	0.937024031091
25	68	0.990747332736
25	78	0.371110338699
25	84	0.250824194338
25	85	0.685820202448
25	90	0.152131988068
25	93	0.0483747555977
25	98	0.962744328158
26	2	0.68085757206
26	13	0.328685689556
26	16	0.411560041961
26	35	0.510197237455
26	44	0.366465526902
26	48	0.0211687321715
26	59	0.41627569102
26	64	0.024312858485
26	68	0.134363313415
26	72	0.987378153422
26	75	0.392800884381
26	77	0.553951042885
26	79	0.964525482173
26	84	0.110898776628
26	88	0.403949747949
26	89	0.287415787675
26	91	0.934824495864
26	93	0.700840468459
26	94	0.0133107524611
26	98	0.874177904337
27	2	0.358830818826
27	4	0.6628574284
27	7	0.682924066097
27	10	0.797653130326
27	14	0.261003724274
27	15	0.0128556591142
27	28	0.462287660714
27	31	0.909354831663
27	39	0.228833941936
27	54	0.328739609148
27	55	0.932610752325
27	58	0.0166824213205
27	69	0.550495392728
27	71	0.498750197965
27	72	0.140264677497
27	73	0.137102340645
27	74	0.650962753883
27	81	0.575842493281
27	83	0.693322083693
27	86	0.363497829194
27	96	0.746267076651
28	4	0.0786583229825
28	6	0.461770033925
28	12	0.49828536489
28	13	0.350556194233
28	15	0.476036833862
28	33	0.682396382827
28	36	0.652307837789
28	37	0.713172977816
28	39	0.945804836283
28	43	0.931889124608
28	72	0.513682983889
28	77	0.783203506953
28	79	0.528389205739
28	81	0.724907750832
28	87	0.659270712081
28	95	0.956551853469
28	97	0.43129116857
29	7	0.765247361272
29	8	0.382190503406
29	13	0.82078460836
29	17	0.221358158524
29	19	0.36577136604
29	22	0.396468811988
29	24	0.93838522886
29	26	0.13178177804
29	35	0.364581732128
29	40	0.901023476385
29	48	0.609479632869
29	51	0.915339905174
29	53	0.0124971310471
29	56	0.920510792215
29	57	0.671089749883
29	59	0.626543547664
29	63	0.902377292554
29	72	0.549295716721
29	77	0.73778520736
29	79	0.732205612258
29	80	0.609423687433
29	82	0.0450479375025
29	94	0.914783311114
29	95	0.326496483418
30	1	0.346427820141
30	5	0.215045988741
30	25	0.176512166459
30	42	0.691686677585
30	46	0.217065142179
30	50	0.346731427912
30	51	0.587613822261
30	54	0.397162549333
30	62	0.894617602824
30	64	0.372847307953
30	79	0.519151962226
30	85	0.388712794004
30	90	0.0476715590872
30	93	0.115117655643
30	95	0.314469710039
30	97	0.0976501681158
31	0	0.651751482725
31	3	0.799302353551
31	4	0.511305903831
31	24	0.337800684641
31	37	0.620889934216
31	39	0.758283987623
31	45	0.519492415543
31	47	0.469954598714
31	62	0.112129366667
31	69	0.391624742001
31	72	0.624685191141
31	73	0.424317400895
31	75	0.0810311819048
31	76	0.105933912798
31	77	0.893170696765
31	80	0.139675364269
31	92	0.690852934213
32	8	0.478488890474
32	20	0.764082265064
32	22	0.368142144066
32	29	0.669526383104
32	35	0.168180482284
32	36	0.705112548141
32	40	0.256358564387
32	47	0.536126393629
32	58	0.951645714314
32	63	0.249894974965
32	68	0.235910009392
32	71	0.413757313838
32	73	0.846590879133
32	75	0.245974556352
32	77	0.597466106728
32	91	0.504445116046
33	1	0.880114059075
33	3	0.65341390989
33	5	0.776382997767
33	8	0.980675505774
33	10	0.689573924818
33	11	0.601883854872
33	19	0.0384094635501
33	21	0.408055812952
33	37	0.592613861731
33	46	0.794765202949
33	58	0.782732260644
33	60	0.737701286312
33	61	0.357825612352
33	66	0.582685020625
33	74	0.633377112573
33	83	0.295790105617
33	87	0.833569604122
34	2	0.575773389787
34	3	0.522728752213
34	13	0.0171620829815
34	15	0.0484904813402
34	20	0.259906815103
34	22	0.968308653462
34	32	0.72107249409
34	41	0.523611834121
34	42	0.0149642017689
34	45	0.727662169634
34	46	0.58784329143
34	49	0.381058016781
34	50	0.201661566956
34	52	0.183800260158
34	53	0.701772907761
34	60	0.511942273266
34	62	0.220722961778
34	64	0.695630748074
34	72	0.947036065244
34	78	0.688259488271
34	79	0.876658188355
34	81	0.90168088134
34	83	0.80769862429
34	86	0.627464160071
34	88	0.743545415184
34	92	0.685595399287
34	93	0.995979572343
34	95	0.948830955724
34	98	0.665309923554
34	99	0.768172153386
35	3	0.374331454542
35	11	0.730020638165
35	23	0.224718053587
35	28	0.961510606547
35	36	0.711616098598
35	47	0.732503408841
35	56	0.284046243702
35	58	0.702868355539
35	61	0.216997380205
35	62	0.637092115678
35	70	0.671957036452
35	71	0.194425802746
35	72	0.368350717028
35	78	0.50702018375
35	80	0.0398263884735
35	84	0.647930669251
35	89	0.879918888587
35	93	0.559316108199
35	98	0.642467164183
36	1	0.858379607183
36	2	0.791254142874
36	6	0.659563046659
36	15	0.818289860128
36	41	0.265171933983
36	48	0.349986624451
36	51	0.0831350250028
36	56	0.633664146448
36	63	0.140078831865
36	72	0.238291766026
36	87	0.839541502882
36	88	0.917003175732
36	95	0.964979217921
36	96	0.742654150403
36	97	0.660317445321
37	7	0.425164139757
37	16	0.574490152441
37	20	0.336207026066
37	22	0.685306171577
37	32	0.871497241931
37	39	0.376067829319
37	41	0.0375439913702
37	46	0.0698126656805
37	51	0.481250180503
37	57	0.229496482272
37	58	0.272838548247
37	60	0.893171579032
37	63	0.935009832023
37	69	0.606328747299
37	76	0.0603113270094
37	82	0.546322714112
37	85	0.754663450414
37	86	0.26925835113
37	87	0.506874812807
37	89	0.0480352366686
37	93	0.507728480785
37	94	0.3677034425
37	98	0.535891652159
38	3	0.68367201846
38	20	0.00219760542299
38	23	0.502071428502
38	25	0.479255097567
38	26	0.0748740885975
38	27	0.0621151098641
38	33	0.399924960405
38	36	0.251819708203
38	39	0.487717241406
38	42	0.866083868727
38	43	0.870867329621
38	48	0.0633084013157
38	50	0.170114110348
38	52	0.97328207899
38	55	0.189076141012
38	56	0.689412390637
38	58	0.436816163918
38	63	0.0365550654328
38	67	0.275305255968
38	68	0.641490415847
38	70	0.834290999786
38	72	0.024412256269
38	74	0.785272066345
38	75	0.927142147267
38	83	0.814276155355
38	86	0.883465329678
38	93	0.597716311382
38	96	0.681616903787
39	6	0.43961867188
39	20	0.272111089638
39	22	0.468697284578
39	29	0.495726945241
39	34	0.339925440507
39	44	0.624135105514
39	53	0.400801370547
39	54	0.674988714423
39	65	0.367028496694
39	66	0.907369594403
39	70	0.289395863805
39	73	0.183519751629
39	75	0.903636498237
39	92	0.446462113613
39	94	0.580819026902
40	2	0.595532239977
40	8	0.880569424474
40	11	0.287182503049
40	14	0.426915765481
40	38	0.176101218808
40	41	0.175967831483
40	47	0.0292165703721
40	54	0.107855109759
40	56	0.40431429893
40	62	0.938913251532
40	65	0.937825846969
40	67	0.647758318457
40	68	0.662048978843
40	70	0.704499072021
40	76	0.765127337496
40	80	0.459010447428
40	82	0.0349339577213
40	86	0.66801363576
40	88	0.407062390461
40	92	0.244152396189
40	95	0.987345516851
40	99	0.298833584758
41	21	0.041277976017
41	35	0.315826562922
41	42	0.056485305131
41	49	0.541653638308
41	53	0.780964567246
41	62	0.559502937499
41	74	0.640808313718
41	78	0.361226600259
41	90	0.834049022768
41	91	0.145355737076
41	92	0.232642320051
41	94	0.930216577402
41	96	0.535487421274
41	99	0.373605875825
42	0	0.558775567371
42	2	0.519416772458
42	22	0.158824231082
42	25	0.802703202851
42	27	0.515387864802
42	37	0.968544000184
42	46	0.911715450393
42	50	0.935190287052
42	56	0.0576593651076
42	63	0.334783390718
42	66	0.563022548999
42	79	0.104619246909
42	80	0.238958413485
42	87	0.527080053358
42	90	0.227028413598
42	93	0.514226567562
43	0	0.423249014847
43	7	0.424691423885
43	9	0.719802284937
43	10	0.677758841522
43	19	0.43182974467
43	24	0.630975885983
43	44	0.222496525009
43	52	0.384720743975
43	58	0.605374385707
43	63	0.881291302871
43	67	0.59929587872
43	77	0.384144490185
43	83	0.842499226033
43	93	0.861304565027
44	2	0.596363194543
44	7	0.465725120953
44	12	0.91447457802
44	21	0.310738387793
44	22	0.0917901394621
44	23	0.168922230721
44	28	0.911653324952
44	32	0.950656468265
44	37	0.604530889
44	40	0.421843863706
44	47	0.179439997663
44	56	0.739515667697
44	60	0.00504242277075
44	65	0.167723858927
44	67	0.542778968761
44	68	0.797428412935
44	77	0.801116178743
44	88	0.566224474333
44	92	0.706848899978
44	95	0.784763625364
44	97	0.810301055791
45	7	0.349111401777
45	23	0.835542648751
45	29	0.180491091834
45	32	0.74034564679
45	38	0.640152953643
45	44	0.350736485629
45	50	0.552810005237
45	52	0.0966191545514
45	59	0.364306996007
45	67	0.194928901924
45	68	0.943325663541
45	77	0.699297527735
45	87	0.893505862515
45	88	0.477670560121
45	91	0.00428674664894
45	96	0.576567380046
45	98	0.646956608404
46	2	0.109147820281
46	8	0.875236897216
46	10	0.484922997161
46	17	0.796380903465
46	20	0.516338520075
46	22	0.249355850115
46	47	0.205144093272
46	54	0.888694955267
46	55	0.971541516299
46	62	0.765971361719
46	63	0.319290436859
46	67	0.600994313561
46	72	0.960002263888
46	79	0.769321588094
46	85	0.208990930075
46	88	0.393273772761
46	89	0.630611611391
46	92	0.066261334887
47	11	0.880763753846
47	16	0.401065753332
47	17	0.809956272893
47	19	0.21737183041
47	23	0.210590863396
47	26	0.193762580515
47	34	0.958952811991
47	37	0.850314968018
47	38	0.673973366871
47	39	0.619361011629
47	45	0.136732266868
47	50	0.156913292634
47	52	0.813397669076
47	59	0.370914895513
47	60	0.222517474025
47	64	0.601565296791
47	65	0.300577135912
47	67	0.0554086659451
47	75	0.649851807789
47	76	0.50505049577
47	77	0.503549371826
47	78	0.619096764651
47	89	0.72070445929
47	93	0.762306189036
47	94	0.293981025802
47	99	0.184247151742
48	16	0.495705381215
48	18	0.476047901528
48	23	0.622022298453
48	24	0.881087339938
48	27	0.53246030642
48	37	0.424263587697
48	41	0.748613095159
48	44	0.859049911672
48	51	0.547953727071
48	59	0.267501892527
48	70	0.518210505046
48	84	0.376355816774
48	85	0.747329151565
48	87	0.590679045948
48	88	0.259936290403
48	90	0.494763629488
48	91	0.911387571008
48	93	0.544981135756
48	96	0.749199434656
48	97	0.733938958894
49	0	0.341570699983
49	4	0.610314718897
49	23	0.0985948129766
49	25	0.753362421962
49	38	0.593624869378
49	42	0.272840368606
49	48	0.879167645564
49	50	0.831417727502
49	72	0.0785230564145
49	73	0.914014454046
49	77	0.753231700662
49	86	0.620888916401
49	87	0.549869810644
49	90	0.228724222013
49	94	0.520060411634
49	97	0.0638094437894
50	1	0.497173725662
50	12	0.419868606396
50	15	0.772942746116
50	17	0.475615716356
50	18	0.968448474508
50	19	0.152180868396
50	21	0.349658237736
50	23	0.1755996159
50	25	0.529743818379
50	33	0.0866613538441
50	39	0.957806431202
50	44	0.156786430132
50	48	0.796058255757
50	51	0.344532177915
50	66	0.283171655223
50	69	0.428279710684
50	75	0.515951787265
50	79	0.57775371564
50	83	0.33368543974
50	85	0.780633581155
50	97	0.673186895882
51	0	0.728451538588
51	9	0.38263793205
51	14	0.783921456037
51	15	0.452671137903
51	21	0.370439592446
51	22	0.875725884938
51	39	0.214782472333
51	45	0.0410181433958
51	49	0.0509787575077
51	52	0.365160346927
51	53	0.421131467777
51	54	0.225485442208
51	57	0.282559177233
51	70	0.270776519858
51	79	0.082373761862
51	95	0.0875322532935
52	2	0.603134859984
52	4	0.195510950592
52	7	0.587742486945
52	11	0.549849770321
52	16	0.237190206228
52	18	0.590773414274
52	25	0.0187001677937
52	29	0.015864896718
52	30	0.545311049429
52	32	0.946058733948
52	50	0.329890396072
52	54	0.859718481835
52	57	0.0501050032174
52	58	0.973594352307
52	97	0.0402809945018
52	99	0.969041813544
53	2	0.180777774128
53	7	0.309849294063
53	18	0.0671243852071
53	24	0.194635445968
53	26	0.687952498419
53	30	0.0705358232311
53	36	0.0631389084408
53	40	0.452924761907
53	50	0.50290212372
53	54	0.4325799697
53	61	0.251282907915
53	92	0.990263007103
54	4	0.683650532076
54	12	0.794265277525
54	14	0.0437079263676
54	20	0.367954521092
54	35	0.778942488467
54	43	0.314684787432
54	47	0.467176716975
54	49	0.977321389777
54	61	0.495993819242
54	67	0.817653721122
54	72	0.256408016027
54	73	0.629267657229
54	79	0.587494722158
54	83	0.106723326484
54	84	0.835203989902
54	86	0.133741994193
55	2	0.522891937214
55	3	0.78148765569
55	10	0.552244020916
55	13	0.184642056646
55	21	0.493355030394
55	23	0.414980877421
55	24	0.55336742644
55	26	0.356281982429
55	39	0.740647093677
55	42	0.966619834046
55	50	0.989306320154
55	58	0.0286898633773
55	62	0.156948940201
55	81	0.801096855294
55	83	0.493439756423
55	85	0.156347574045
55	86	0.631894447931
55	91	0.608471934277
55	93	0.860950858221
56	4	0.669136733254
56	12	0.860941149489
56	30	0.217677215635
56	31	0.0456258002441
56	37	0.0478199994473
56	45	0.482073631457
56	52	0.709012841277
56	73	0.503121712877
56	74	0.191554256254
56	89	0.889035121389
56	91	0.682071798628
56	96	0.591313577116
56	98	0.491528545117
56	99	0.511505034773
57	6	0.822340475053
57	11	0.59768916481
57	15	0.146259027774
57	24	0.699310150947
57	26	0.634771716648
57	34	0.212026982778
57	42	0.957305708623
57	43	0.301880268696
57	49	0.652069453785
57	76	0.169548486536
57	90	0.963849023995
57	92	0.576697801788
57	95	0.175512506128
57	99	0.627835579819
58	6	0.601544402569
58	26	0.702455985137
58	34	0.487769778535
58	40	0.559061646813
58	48	0.771533195093
58	56	0.813142948639
58	60	0.924192629793
58	72	0.872101514958
58	76	0.381906746727
58	81	0.430856937225
58	86	0.766402086468
58	91	0.728048991117
58	96	0.118854857545
59	3	0.512239596644
59	14	0.83317186321
59	30	0.0943640880712
59	36	0.0561436979857
59	43	0.499641528027
59	44	0.119089503855
59	49	0.661806087439
59	50	0.238469971598
59	51	0.530586227757
59	58	0.40157734352
59	65	0.600292611829
59	67	0.578456412265
59	68	0.711774159334
59	74	0.447023052731
59	77	0.17664436266
59	79	0.332813513307
59	80	0.511738720625
59	82	0.864263084941
59	85	0.158113255204
59	89	0.827820989337
59	91	0.824603018801
59	92	0.974491257979
59	96	0.7752679482
60	3	0.396908343018
60	6	0.889421200925
60	15	0.00352320069526
60	16	0.108996995525
60	17	0.586521500062
60	18	0.910241471697
60	25	0.630934072583
60	26	0.342795468227
60	41	0.633695365279
60	49	0.832195590121
60	53	0.116453610952
60	65	0.0422324489933
60	70	0.894368310672
60	74	0.57473640228
60	77	0.059746497659
60	89	0.0322060096771
60	95	0.295152486367
61	4	0.659975910207
61	21	0.322782406424
61	24	0.650501246115
61	27	0.152888417173
61	29	0.257041422627
61	31	0.418310583197
61	34	0.941117484968
61	47	0.141515044148
61	50	0.816502197315
61	62	0.482030021715
61	64	0.146125605932
61	69	0.67708033923
61	77	0.062265942317
61	87	0.683597255742
61	94	0.138293654209
61	99	0.57079294856
62	4	0.659562994358
62	11	0.22128801945
62	20	0.248942691075
62	21	0.853133027386
62	24	0.42141816053
62	27	0.225180265883
62	38	0.0697934442973
62	50	0.604259814662
62	56	0.0555264854657
62	58	0.985302272814
62	67	0.254214290348
62	69	0.995087677336
62	72	0.637404615691
62	78	0.414955388722
62	80	0.452654069909
62	81	0.543455242462
62	99	0.868613997768
63	11	0.365357574631
63	18	0.971060393212
63	45	0.339548843694
63	47	0.0427420658833
63	48	0.420656482492
63	51	0.682150445274
63	57	0.859863934147
63	62	0.364899818219
63	67	0.656820715338
63	69	0.941891146584
63	70	0.872066465154
63	74	0.344438251431
63	75	0.242607458887
63	78	0.800910436155
63	82	0.805408127599
63	91	0.0863967969183
63	97	0.125091833987
64	6	0.570387548214
64	9	0.0855091677859
64	11	0.818472646486
64	14	0.961733023539
64	19	0.945030352317
64	20	0.311918211588
64	22	0.53497741571
64	27	0.676601103848
64	53	0.0637366454232
64	57	0.693987324667
64	59	0.419065703276
64	66	0.654275598546
64	67	0.153305272182
64	82	0.843050705696
64	86	0.713275192814
64	89	0.979405035229
64	99	0.0498805146961
65	0	0.813160597787
65	6	0.146345280035
65	7	0.798680446877
65	10	0.597397547402
65	11	0.53417808064
65	20	0.983323653173
65	22	0.706676150588
65	27	0.47662552853
65	34	0.0342506393726
65	43	0.739521461983
65	45	0.228213617741
65	52	0.388090444061
65	73	0.524148960457
65	85	0.850099010623
65	93	0.365935102347
65	98	0.692581545501
66	0	0.293171201963
66	3	0.530813944042
66	10	0.409565917815
66	12	0.0663400775484
66	13	0.881186875003
66	15	0.0617219871719
66	17	0.300961318718
66	25	0.502983772976
66	29	0.648941954878
66	36	0.985169445752
66	38	0.129144602638
66	46	0.0735371193547
66	54	0.393543072023
66	56	0.216373292549
66	60	0.593086571504
66	62	0.48251263252
66	71	0.61121588529
66	81	0.522342104071
66	86	0.566555043334
66	91	0.877761554449
66	96	0.456208662192
66	98	0.137137130982
67	0	0.736957958162
67	11	0.528894921134
67	15	0.132747897825
67	34	0.345319490423
67	57	0.792096519639
67	68	0.318250083139
67	69	0.112732216814
67	79	0.090756344525
67	80	0.709131210087
67	83	0.0784718677452
67	90	0.850620078129
67	98	0.553558904091
67	99	0.824211331623
68	4	0.725615672762
68	7	0.961176689616
68	9	0.379865146821
68	10	0.128534723538
68	15	0.0390345556559
68	35	0.00945955769163
68	41	0.270225935773
68	47	0.86003732309
68	49	0.52095280646
68	51	0.59267502156
68	55	0.914577441416
68	57	0.488683488314
68	63	0.0199090233566
68	66	0.73204147479
68	69	0.418352202665
68	71	0.106201450431
68	72	0.039277741305
68	76	0.657966824964
68	77	0.663143619461
68	79	0.388868123219
68	81	0.655142757491
68	83	0.342957975968
68	87	0.646341969326
68	89	0.459768922825
68	97	0.733307143481
68	98	0.0268795185706
69	9	0.299075499928
69	11	0.250046317172
69	15	0.836161706586
69	28	0.610134399294
69	32	0.188564534937
69	38	0.962024625787
69	40	0.394736773563
69	43	0.891221075855
69	55	0.150205214236
69	57	0.221243716975
69	58	0.986525447141
69	64	0.616153181269
69	65	0.409704192944
69	77	0.422673165718
69	92	0.166279305257
69	98	0.068896912412
70	2	0.402330090752
70	4	0.847161120165
70	22	0.9019863294
70	24	0.971213575433
70	28	0.788928895925
70	49	0.0652868106428
70	52	0.571353648381
70	62	0.432529526241
70	68	0.612491711447
70	75	0.926107025999
70	78	0.070746593409
70	80	0.479879074864
70	81	0.528775987717
70	83	0.995032835574
70	84	0.489432405044
70	85	0.636115194204
70	87	0.354230259674
70	88	0.701309227023
70	94	0.259410152734
71	13	0.524725817116
71	26	0.666429731108
71	36	0.0917806582555
71	44	0.267278417773
71	58	0.343585519479
71	62	0.908539535275
71	63	0.211559989982
71	64	0.954811760174
71	65	0.648562145168
71	67	0.0702250900252
71	69	0.255375342543
71	76	0.895266896147
71	79	0.391665654743
71	90	0.0313959658116
71	95	0.241349009076
72	3	0.0203385571519
72	5	0.65495931215
72	15	0.479408830767
72	42	0.44546951863
72	59	0.850131028782
72	85	0.576957970561
72	86	0.740722051564
73	0	0.784709449854
73	4	0.53958902803
73	14	0.988916902485
73	17	0.0254788051074
73	29	0.249313887942
73	33	0.162048712966
73	36	0.841786157693
73	37	0.488735510777
73	44	0.0302447323371
73	45	0.796952405838
73	47	0.87527472972
73	53	0.641735943547
73	57	0.601766946024
73	78	0.0481402209786
73	79	0.292842835303
73	84	0.305656752683
73	90	0.504049860026
73	91	0.762712328693
73	93	0.106767564696
73	96	0.724196476274
74	1	0.0360061498722
74	3	0.524377794238
74	5	0.501796360348
74	13	0.296421000467
74	36	0.281630181598
74	50	0.442233369578
74	52	0.101642595922
74	61	0.168087103226
74	68	0.328075920316
74	76	0.590104562816
74	77	0.326159563393
74	88	0.466355056841
74	91	0.0693470348755
74	95	0.754484107225
74	98	0.98716766689
75	5	0.0342324459915
75	10	0.911917857225
75	11	0.962775862634
75	30	0.611683042829
75	36	0.989164280464
75	37	0.949321591465
75	41	0.317510040467
75	49	0.253224707237
75	53	0.748235803792
75	59	0.661738306764
75	64	0.66833295234
75	68	0.959959784846
75	73	0.0464055406951
75	76	0.242006030119
75	77	0.946141775976
75	78	0.135968389267
75	81	0.79856134461
75	83	0.357613180245
75	87	0.522225016429
75	96	0.318743478885
76	0	0.890006025264
76	1	0.396497228158
76	2	0.488604255053
76	3	0.91719965261
76	10	0.470861554632
76	22	0.607448134189
76	24	0.377705727567
76	25	0.444281548814
76	39	0.646678649311
76	42	0.17550073735
76	59	0.337973681148
76	69	0.00309576766624
76	82	0.357282252016
76	84	0.260879514513
76	85	0.465795355849
76	95	0.00157657458234
77	0	0.583673537407
77	6	0.203822780665
77	33	0.254769593642
77	36	0.940995627657
77	52	0.98255805723
77	63	0.419970171672
77	66	0.009137007965
77	78	0.36855729942
77	80	0.0469935951309
77	87	0.642662341649
77	91	0.561325168081
77	97	0.262696385564
78	13	0.172120854537
78	20	0.397947446694
78	21	0.275181126473
78	38	0.954406953457
78	52	0.367263727979
78	55	0.419227999498
78	68	0.125614824382
78	69	0.117579674937
78	71	0.543898280477
78	79	0.0969051831719
78	81	0.494942737576
78	91	0.23248967214
78	94	0.512599345723
79	0	0.334843669874
79	4	0.366551139738
79	37	0.387012096194
79	40	0.574149090459
79	41	0.45953165545
79	57	0.278787392219
79	60	0.998844553601
79	61	0.446677700515
79	62	0.28767986117
79	75	0.828371833512
79	84	0.829859358244
79	85	0.233758494648
79	91	0.282171599001
80	7	0.0549780104843
80	10	0.911369498245
80	14	0.605058463251
80	15	0.194516750776
80	26	0.373382919229
80	39	0.933099500887
80	41	0.838895622002
80	47	0.306257545496
80	49	0.0845914042443
80	54	0.747213351666
80	55	0.44049553342
80	60	0.0128299563587
80	68	0.702965304491
80	72	0.534467171629
80	82	0.60223110823
80	86	0.493409181791
80	99	0.956877719532
81	4	0.481512800834
81	9	0.12235272379
81	14	0.968325867812
81	24	0.18944187916
81	31	0.581670543541
81	33	0.560748760188
81	36	0.365470020176
81	37	0.556064845135
81	47	0.528954725102
81	50	0.00469104495333
81	51	0.415031205315
81	53	0.250579400471
81	54	0.028663713238
81	56	0.915911547738
81	72	0.669450403827
81	79	0.714408320455
81	80	0.583191371579
81	86	0.345727336087
81	94	0.181782935886
82	9	0.851947228518
82	17	0.619026931468
82	21	0.904671566232
82	24	0.809739654342
82	26	0.75588895231
82	27	0.64706208205
82	28	0.0925994032373
82	30	0.52036595929
82	35	0.802112288351
82	47	0.163042590915
82	56	0.871248299988
82	66	0.265143863445
82	68	0.184945603738
82	78	0.242925266962
82	96	0.101900115857
82	97	0.904031460317
82	98	0.067416280976
82	99	0.771563220383
83	5	0.248632475662
83	8	0.339326982022
83	16	0.249927091448
83	24	0.710647870012
83	26	0.914990412414
83	29	0.125934830568
83	30	0.226188248635
83	37	0.461488437847
83	53	0.460568366752
83	60	0.546201498081
83	62	0.425012213233
83	64	0.670260964264
83	65	0.861983962341
83	66	0.384568687066
83	84	0.270347654691
83	87	0.641388007186
83	91	0.385431039954
84	2	0.891836369284
84	4	0.211594488724
84	8	0.238577014091
84	49	0.325998178528
84	62	0.612059733775
84	65	0.74177478555
84	67	0.509253357829
84	71	0.182317342746
84	80	0.52903861169
84	81	0.770604964842
84	90	0.779178237423
84	94	0.453063974554
84	95	0.411538954771
84	97	0.576543779058
85	5	0.756684914682
85	14	0.76291648073
85	15	0.763645410368
85	16	0.334273316854
85	32	0.331810480301
85	47	0.743104889632
85	66	0.800928103309
85	75	0.969161173908
85	82	0.891428253512
85	83	0.960053936632
85	86	0.978717458114
86	0	0.423617062286
86	3	0.441369495775
86	10	0.126824485882
86	18	0.292715473656
86	20	0.64788829187
86	31	0.237050982135
86	32	0.921908076522
86	33	0.645041098246
86	35	0.717294603078
86	36	0.0439646317512
86	39	0.991058318054
86	42	0.9591950191
86	43	0.875734748891
86	51	0.104239085434
86	56	0.479114835234
86	59	0.634977970804
86	65	0.88795484533
86	68	0.545708810625
86	76	0.143835887325
86	82	0.259853558109
86	84	0.769340955747
86	94	0.00508765755775
86	98	0.610565351434
87	0	0.396304764646
87	1	0.489932817611
87	11	0.415365325038
87	14	0.456308266686
87	15	0.179942623012
87	50	0.98343781175
87	52	0.443220560379
87	54	0.940853532898
87	60	0.550501686307
87	62	0.273734287176
87	65	0.231022059923
87	71	0.223861316652
87	78	0.25024040143
87	93	0.900851580587
87	97	0.515587935254
87	99	0.896531087717
88	9	0.337743118303
88	15	0.702403051049
88	17	0.239224459464
88	33	0.288069190842
88	38	0.831723720132
88	43	0.918623037112
88	51	0.95258085392
88	58	0.261532666961
88	60	0.779453923346
88	64	0.0775905354605
88	76	0.67589525657
88	77	0.358145468449
88	79	0.947787031964
88	80	0.824048437514
88	99	0.755886563927
89	4	0.944458409338
89	18	0.776393291359
89	20	0.620334583538
89	23	0.653033267379
89	32	0.312103244789
89	34	0.176929838619
89	38	0.521847762091
89	52	0.847413662509
89	58	0.272326421432
89	74	0.2000070453
89	83	0.104630585567
89	86	0.976563993135
89	87	0.129361818886
89	94	0.473151926618
89	97	0.308060519852
89	98	0.774844898841
90	1	0.474913039356
90	13	0.12021883388
90	27	0.980466750069
90	28	0.327032721238
90	62	0.183091441383
90	70	0.254371007655
90	82	0.556719667018
90	89	0.243409930444
90	93	0.128919774219
90	97	0.0723856740032
91	12	0.760546154875
91	18	0.379708214107
91	21	0.891758579155
91	22	0.519966996763
91	42	0.213800343493
91	43	0.221583809374
91	57	0.27348346747
91	65	0.412010821961
91	70	0.374671117324
91	72	0.760115960989
91	75	0.709111716997
91	76	0.712362888843
91	80	0.568844999252
91	95	0.0514784850513
91	99	0.877451328332
92	10	0.878880086826
92	22	0.723639355252
92	27	0.584468069436
92	30	0.073449139047
92	36	0.505156902867
92	47	0.209254308185
92	61	0.0119383134635
92	71	0.50656735313
92	75	0.172262427197
92	82	0.203659911238
92	98	0.61364493734
93	23	0.0716918921348
93	28	0.714035564365
93	33	0.541781007071
93	39	0.201719723293
93	40	0.816963948064
93	41	0.862084159946
93	51	0.54516413509
93	63	0.862096868116
93	64	0.0311967079417
93	77	0.915824955157
93	82	0.717356112413
93	91	0.230011528023
93	97	0.364905342048
94	0	0.356413056302
94	12	0.0462014602811
94	13	0.666874945433
94	15	0.405666427899
94	18	0.282856493795
94	20	0.358816169275
94	22	0.147139559358
94	25	0.893597779715
94	28	0.0457706119924
94	30	0.613393839172
94	33	0.256232178858
94	38	0.959502522021
94	43	0.0730947589091
94	59	0.702736773932
94	72	0.136391881296
94	75	0.265367518405
94	77	0.223485645476
94	80	0.923346710187
94	82	0.564673169378
94	87	0.745966055951
95	3	0.553156501476
95	4	0.99385721701
95	6	0.128677654514
95	13	0.0140942247655
95	41	0.34717233246
95	42	0.751776822605
95	61	0.20139747918
95	62	0.154287191425
95	68	0.845297135727
95	75	0.825393172499
95	86	0.273939925177
95	93	0.966992863384
96	1	0.464321708433
96	7	0.336871774837
96	28	0.0593408772231
96	42	0.216372264283
96	43	0.197554821991
96	49	0.684809115099
96	54	0.671479919632
96	60	0.400713863198
96	80	0.890563073341
96	87	0.666501708993
96	92	0.796874252478
96	98	0.509954403534
97	1	0.826940477946
97	8	0.640230343523
97	17	0.27067600609
97	18	0.678054718241
97	29	0.462980518284
97	33	0.754517532118
97	35	0.272715987933
97	37	0.787540070517
97	40	0.718444376299
97	55	0.324596624196
97	66	0.794415388274
97	71	0.8477990414
97	78	0.0732387455381
97	88	0.899517745847
97	92	0.410663690725
97	99	0.874434451313
98	2	0.397004843566
98	10	0.758909657385
98	19	0.427883382076
98	31	0.508921336986
98	47	0.791050958616
98	48	0.755857999746
98	49	0.769879078657
98	54	0.523599812467
98	55	0.188625345655
98	70	0.94741700167
98	71	0.872588182783
98	90	0.754469719557
98	93	0.241498767671
98	99	0.296196731754
99	6	0.663383173934
99	16	0.897195747391
99	21	0.967947753052
99	33	0.0864528266455
99	50	0.917673644479
99	51	0.908966005466
99	53	0.828418778736
99	55	0.498806168255
99	59	0.985438627899
99	68	0.259410746243
99	71	0.64167005588
99	72	0.485747056798
99	74	0.127196314777
99	79	0.12438096877
99	92	0.331898792786
99	93	0.0791538851457
99	94	0.685226683876
